中文
story_01
start………
100000 100000
838024752 
496388734
564847926 
935505435 
568362814 
513030517  
57980718 190842805 606967158 697686813 460092292 306124890 661453630 575711139 199834788 639460554 704753119 19836240 113220358 427706996 884214469 724964554 223371955 806188206 549872230 494196976 561902240 801417137 153276252 770856023 842162259 157250875 307782562 44570574 866852235 869734843 724729415 327566910 198978752 54120637 662125597 984789816 
768639597 451368135 26092939 916387637 998602180 236857224
768639597 451368135 26092939 916387637 998602180 236857224
768639597 451368135 26092939 916387637 998602180 236857224
768639597 451368135 26092939 916387637 998602180 236857224
768639597 451368135 26092939 916387637 998602180 236857224
768639597 451368135 26092939 916387637 998602180 236857224
story_01
start………
100000 100000
838024752 
496388734
564847926 
935505435 
568362814 
513030517  
57980718 190842805 606967158 697686813 460092292 306124890 661453630 575711139 199834788 639460554 704753119 19836240 113220358 427706996 884214469 724964554 223371955 806188206 549872230 494196976 561902240 801417137 153276252 770856023 842162259 157250875 307782562 44570574 866852235 869734843 724729415 327566910 198978752 54120637 662125597 984789816 
768639597 451368135 26092939 916387637 998602180 236857224
768639597 451368135 26092939 916387637 998602180 236857224
768639597 451368135 26092939 916387637 998602180 236857224
768639597 451368135 26092939 916387637 998602180 236857224
768639597 451368135 26092939 916387637 998602180 236857224
768639597 451368135 26092939 916387637 998602180 236857224
story_01
start………
100000 100000
838024752 
496388734
564847926 
935505435 
568362814 
513030517  
57980718 190842805 606967158 697686813 460092292 306124890 661453630 575711139 199834788 639460554 704753119 19836240 113220358 427706996 884214469 724964554 223371955 806188206 549872230 494196976 561902240 801417137 153276252 770856023 842162259 157250875 307782562 44570574 866852235 869734843 724729415 327566910 198978752 54120637 662125597 984789816 
768639597 451368135 26092939 916387637 998602180 236857224
768639597 451368135 26092939 916387637 998602180 236857224
768639597 451368135 26092939 916387637 998602180 236857224
768639597 451368135 26092939 916387637 998602180 236857224
768639597 451368135 26092939 916387637 998602180 236857224
768639597 451368135 26092939 916387637 998602180 236857224